NACA 0012                                       
 Alfa =   2.00000 Re =        0.000 Xflap,Yflap =     0.000000    0.000000
#    x        y        Cp  
   1.00000  0.00126  0.41560
   0.99372  0.00214  0.25202
   0.98277  0.00365  0.18975
   0.96999  0.00539  0.14300
   0.95567  0.00731  0.10677
   0.94026  0.00934  0.07681
   0.92422  0.01142  0.05065
   0.90784  0.01350  0.02799
   0.89128  0.01556  0.00774
   0.87462  0.01759 -0.01067
   0.85793  0.01959 -0.02782
   0.84120  0.02155 -0.04353
   0.82446  0.02348 -0.05857
   0.80771  0.02537 -0.07282
   0.79095  0.02723 -0.08636
   0.77419  0.02905 -0.09981
   0.75742  0.03083 -0.11248
   0.74066  0.03257 -0.12506
   0.72389  0.03428 -0.13751
   0.70712  0.03594 -0.14947
   0.69035  0.03757 -0.16163
   0.67359  0.03916 -0.17366
   0.65683  0.04071 -0.18544
   0.64008  0.04221 -0.19753
   0.62333  0.04367 -0.20961
   0.60659  0.04509 -0.22143
   0.58987  0.04646 -0.23358
   0.57315  0.04778 -0.24579
   0.55645  0.04905 -0.25801
   0.53976  0.05026 -0.27050
   0.52309  0.05143 -0.28310
   0.50644  0.05253 -0.29583
   0.48980  0.05357 -0.30893
   0.47319  0.05455 -0.32170
   0.45660  0.05546 -0.33533
   0.44004  0.05630 -0.34860
   0.42351  0.05707 -0.36250
   0.40701  0.05776 -0.37623
   0.39055  0.05837 -0.39059
   0.37412  0.05889 -0.40487
   0.35774  0.05932 -0.41938
   0.34140  0.05965 -0.43441
   0.32511  0.05988 -0.44943
   0.30888  0.06000 -0.46479
   0.29272  0.06001 -0.48047
   0.27662  0.05989 -0.49622
   0.26060  0.05965 -0.51241
   0.24467  0.05927 -0.52881
   0.22884  0.05875 -0.54547
   0.21313  0.05807 -0.56216
   0.19755  0.05723 -0.57983
   0.18214  0.05622 -0.59715
   0.16693  0.05503 -0.61511
   0.15196  0.05365 -0.63314
   0.13730  0.05207 -0.65164
   0.12303  0.05029 -0.67037
   0.10929  0.04832 -0.68905
   0.09622  0.04618 -0.70754
   0.08399  0.04389 -0.72577
   0.07278  0.04150 -0.74295
   0.06271  0.03908 -0.75870
   0.05380  0.03667 -0.77191
   0.04603  0.03431 -0.78301
   0.03929  0.03203 -0.78995
   0.03346  0.02983 -0.79454
   0.02840  0.02771 -0.79277
   0.02399  0.02566 -0.78659
   0.02013  0.02367 -0.77214
   0.01674  0.02173 -0.75036
   0.01376  0.01982 -0.71656
   0.01114  0.01793 -0.67043
   0.00883  0.01606 -0.60464
   0.00682  0.01419 -0.52027
   0.00508  0.01231 -0.40869
   0.00360  0.01041 -0.26661
   0.00238  0.00851 -0.09675
   0.00141  0.00659  0.10132
   0.00070  0.00467  0.31323
   0.00025  0.00277  0.52004
   0.00003  0.00091  0.70222
   0.00003 -0.00091  0.84346
   0.00025 -0.00277  0.94339
   0.00070 -0.00467  0.99354
   0.00141 -0.00659  0.99472
   0.00238 -0.00851  0.95496
   0.00360 -0.01041  0.88661
   0.00508 -0.01231  0.80203
   0.00682 -0.01419  0.71070
   0.00883 -0.01606  0.61936
   0.01114 -0.01793  0.53153
   0.01376 -0.01982  0.44769
   0.01674 -0.02173  0.37162
   0.02013 -0.02367  0.30013
   0.02399 -0.02566  0.23525
   0.02840 -0.02771  0.17513
   0.03346 -0.02983  0.11991
   0.03929 -0.03203  0.07001
   0.04603 -0.03431  0.02385
   0.05380 -0.03667 -0.01767
   0.06271 -0.03908 -0.05466
   0.07278 -0.04150 -0.08773
   0.08399 -0.04389 -0.11547
   0.09622 -0.04618 -0.13913
   0.10929 -0.04832 -0.15849
   0.12303 -0.05029 -0.17385
   0.13730 -0.05207 -0.18627
   0.15196 -0.05365 -0.19562
   0.16693 -0.05503 -0.20247
   0.18214 -0.05622 -0.20757
   0.19755 -0.05723 -0.21064
   0.21313 -0.05807 -0.21246
   0.22884 -0.05875 -0.21297
   0.24467 -0.05927 -0.21247
   0.26060 -0.05965 -0.21114
   0.27662 -0.05989 -0.20890
   0.29272 -0.06001 -0.20609
   0.30888 -0.06000 -0.20266
   0.32511 -0.05988 -0.19886
   0.34140 -0.05965 -0.19437
   0.35774 -0.05932 -0.18979
   0.37412 -0.05889 -0.18487
   0.39055 -0.05837 -0.17963
   0.40701 -0.05776 -0.17399
   0.42351 -0.05707 -0.16854
   0.44004 -0.05630 -0.16264
   0.45660 -0.05546 -0.15651
   0.47319 -0.05455 -0.15069
   0.48980 -0.05357 -0.14440
   0.50644 -0.05253 -0.13813
   0.52309 -0.05143 -0.13189
   0.53976 -0.05026 -0.12530
   0.55645 -0.04905 -0.11885
   0.57315 -0.04778 -0.11243
   0.58987 -0.04646 -0.10574
   0.60659 -0.04509 -0.09900
   0.62333 -0.04367 -0.09220
   0.64008 -0.04221 -0.08539
   0.65683 -0.04071 -0.07846
   0.67359 -0.03916 -0.07135
   0.69035 -0.03757 -0.06431
   0.70712 -0.03594 -0.05664
   0.72389 -0.03428 -0.04929
   0.74066 -0.03257 -0.04134
   0.75742 -0.03083 -0.03333
   0.77419 -0.02905 -0.02494
   0.79095 -0.02723 -0.01624
   0.80771 -0.02537 -0.00645
   0.82446 -0.02348  0.00258
   0.84120 -0.02155  0.01397
   0.85793 -0.01959  0.02509
   0.87462 -0.01759  0.03750
   0.89128 -0.01556  0.05167
   0.90784 -0.01350  0.06708
   0.92422 -0.01142  0.08504
   0.94026 -0.00934  0.10617
   0.95567 -0.00731  0.13112
   0.96999 -0.00539  0.16195
   0.98277 -0.00365  0.20357
   0.99372 -0.00214  0.26009
   1.00000 -0.00126  0.41560
